,Day,Humidity,Temp,WBT
0,2016-12-15,50.635511367346936,20.077211081632655,13.573652370748299
1,2016-12-16,57.680686186440674,16.875644291525425,11.864111252542372
2,2016-12-17,63.33005781944444,16.262500163194446,12.154526631944444
3,2016-12-18,60.61387028125,16.00555565972222,11.467712107638889
4,2016-12-19,61.171112871527775,16.30069460416667,11.795009506944446
5,2016-12-20,59.071112659722225,17.79652799652778,12.905334269097223
6,2016-12-21,54.45387621527778,18.204514114583333,12.560214894097221
7,2016-12-22,57.77747383680556,17.30277795138889,12.28435182986111
8,2016-12-23,63.84613408333333,16.454687611111112,12.292853527777778
9,2016-12-24,67.57087726736111,16.367361145833332,12.700562806597222
10,2016-12-25,71.90085701388888,15.315277885416666,12.225371394097222
11,2016-12-26,67.00448096527776,16.315625163194444,12.526284718749999
12,2016-12-27,60.937786340277775,16.384375125000002,11.77834368576389
13,2016-12-28,58.63984223958333,16.643750267361114,11.729217046875
14,2016-12-29,68.75241223958332,15.251215406250001,11.854775859375
15,2016-12-30,71.62672553819444,14.141145961805556,11.220942585069444
16,2016-12-31,72.48759962499999,14.704166805555555,11.803519501736112
17,2017-01-01,70.99688423611111,16.161458392361112,12.888840098958333
18,2017-01-02,69.91939771874999,16.953993243055557,13.414454602430556
19,2017-01-03,70.1859675,16.83159737847222,13.286832394097223
20,2017-01-04,66.87048749652779,17.36006950347222,13.379748020833333
21,2017-01-05,66.64974517361111,18.250868166666667,14.069535312500001
22,2017-01-06,68.75507165972222,18.41961820138889,14.5242181875
23,2017-01-07,74.13664162847222,15.634027833333334,12.674918402777777
24,2017-01-08,69.88253651388888,16.118923739583334,12.681361781249999
25,2017-01-09,69.03309188194444,15.061979253472222,11.723838112847222
26,2017-01-10,55.907980736111114,13.516145923611111,8.810898991319444
27,2017-01-11,55.48014017361111,11.968750172222222,7.604619632638888
28,2017-01-12,58.464532996551725,12.326896668965517,8.166370928965517
29,2017-01-13,55.833376736111106,12.898090388888889,8.217957668402779
30,2017-01-14,58.624258375000004,12.942708447916667,8.688919110416666
31,2017-01-15,54.43834839930555,16.109548753472225,10.749788058680556
32,2017-01-16,64.49964116666666,14.739409854166666,10.977167751736111
33,2017-01-17,66.38033585763888,12.20416679861111,8.869480989583332
34,2017-01-18,65.21707147222223,13.010590409722221,9.472024497916667
35,2017-01-19,61.99276577083333,14.254166774305556,10.139483012152777
36,2017-01-20,59.96350150694444,13.925694565972222,9.606230108680556
37,2017-01-21,58.366640670138885,14.285590381944445,9.726782775
38,2017-01-22,65.54284175347222,16.7041668125,12.76070382638889
39,2017-01-23,66.15598842013888,17.769965420138888,13.612542899305556
40,2017-01-24,65.68884875694444,18.58888907986111,14.312460779513888
41,2017-01-25,68.09182864930555,19.585764076388887,15.564115715277776
42,2017-01-26,73.18749567708333,17.757118159722225,14.624180385416667
43,2017-01-27,71.23778709722222,16.656771100694446,13.257923163194445
44,2017-01-28,70.6397304861111,15.993923743055555,12.712438848958334
45,2017-01-29,70.46046014930556,16.588889121527778,13.15738359375
46,2017-01-30,68.94091838888889,16.918229305555556,13.229346550347223
47,2017-01-31,67.30779377083333,17.699826590277777,13.76308052951389
48,2017-02-01,66.13689706944444,17.36093751736111,13.312306470486112
49,2017-02-02,62.52440483680555,17.475520975694444,12.951183375
50,2017-02-03,64.29099452777777,18.35937509375,13.956099526041667
51,2017-02-04,69.370815125,18.80607662152778,14.986774477430556
52,2017-02-05,67.78921752083333,19.451041868055555,15.437930305555556
53,2017-02-06,64.99894619444444,18.613194680555555,14.26014777951389
54,2017-02-07,59.57736952083334,16.907465434027777,12.218545960069443
55,2017-02-08,55.888869461805555,18.519791791666666,12.970995491319444
56,2017-02-09,57.34168885416667,18.68003488888889,13.413203399305555
57,2017-02-10,55.944376517361114,18.13663210416667,12.733016690972223
58,2017-02-11,53.619959836805556,17.90625011111111,12.122126817708333
59,2017-02-12,59.60518945138889,17.7164930625,12.780872439236111
60,2017-02-13,57.245737868055556,18.32829880902778,12.97671447048611
61,2017-02-14,56.60821017013889,18.697222375,13.213196048611112
62,2017-02-15,56.079341559027775,19.93767381597222,14.132935887152778
63,2017-02-16,54.01257117708334,21.197396041666664,14.905566140625
64,2017-02-17,58.78705700347223,21.488541868055556,15.93426462847222
65,2017-02-18,58.91749462847221,22.83125013888889,16.887236699652778
66,2017-02-19,55.37166825347222,24.21076404861111,17.410937784722222
67,2017-02-20,51.61916822916666,24.972396097222223,17.403269961805556
68,2017-02-21,60.97804992439862,22.242783773195875,16.889750335051545
69,2017-02-22,52.13608457638889,21.66892379513889,14.887568539930555
70,2017-02-23,42.65425085243056,20.361805694444442,12.391605871527778
71,2017-02-24,41.55044467013889,20.44062523263889,12.514166232638889
72,2017-02-25,41.88092429513889,21.05920161111111,12.946203960069445
73,2017-02-26,47.29047278125,21.13246546875,13.776831001736111
74,2017-02-27,46.02297292708333,22.041840454861113,14.219059034722223
75,2017-02-28,48.88075096874999,23.30017391666667,15.610683300347224
76,2017-03-01,52.16584832638889,24.488368256944444,17.35575412847222
77,2017-03-02,57.48643889236111,23.492361381944445,17.368853477430555
78,2017-03-03,46.14156332986111,22.543923868055558,14.713516347222221
79,2017-03-04,46.24818123611111,21.603125125000002,14.015965041666668
80,2017-03-05,42.334479736111106,21.692534829861113,13.382748642361111
81,2017-03-06,41.14938239236111,22.24427090625,13.70533796701389
82,2017-03-07,44.755743663194444,23.074479239583333,14.818455529513889
83,2017-03-08,51.559604649305555,23.311805701388888,16.482004430555556
84,2017-03-09,58.43253639236111,21.556944625,15.91177665451389
85,2017-03-10,62.0837730173611,19.628472427083334,14.833623496527776
86,2017-03-11,59.46582778125,18.777256965277775,13.697386918402778
87,2017-03-12,52.36515390625,19.341319722222224,13.09322690798611
88,2017-03-13,44.526035364583336,20.178819736111112,12.626993987847221
89,2017-03-14,45.856931572916665,20.45312526388889,12.955402571180555
90,2017-03-15,47.55069541666667,21.919444642361114,14.26859414236111
91,2017-03-16,44.83171610763889,23.79340301388889,15.388003524305557
92,2017-03-17,51.40083434027778,23.21996529861111,16.115059052083335
93,2017-03-18,46.30254959375,24.198437489583334,15.916687559027777
94,2017-03-19,50.255875840277774,24.322396020833335,16.81354059027778
95,2017-03-20,48.54464701388889,24.907465548611114,16.86278229513889
96,2017-03-21,44.42182707465278,26.715798864583334,17.452288340277775
97,2017-03-22,41.2600006875,28.756423815972223,18.326215815972223
98,2017-03-23,42.19820201736111,29.847222493055558,19.28024038888889
99,2017-03-24,43.70972288541667,29.73958361805556,19.810893809027775
100,2017-03-25,40.55979910763889,28.85711832986111,18.49408082638889
101,2017-03-26,38.83313927430556,29.653819663194447,18.65128060763889
102,2017-03-27,38.943965336805555,31.11145854861111,19.992671819444446
103,2017-03-28,39.25143801041666,32.23715305555556,20.586275236111113
104,2017-03-29,37.70135442013889,32.909028093749995,20.799420277777777
105,2017-03-30,35.56452110069444,33.041146177083334,20.331795927083334
106,2017-03-31,37.639909671875,32.910069774305555,20.874732961805556
107,2017-04-01,33.332805997916665,33.668229520833336,19.97232627777778
108,2017-04-02,33.06611116145834,33.33715308680556,19.97397298263889
109,2017-04-03,27.621340231944444,33.44566006597222,18.656142083333336
110,2017-04-04,34.25740979340278,31.949132322916668,19.46590652777778
111,2017-04-05,50.85862605208334,29.164062770833336,21.073956038194446
112,2017-04-06,31.697340400347223,31.694271333333333,18.53602756770833
113,2017-04-07,24.35798613715278,30.62083355555556,16.52722051388889
114,2017-04-08,21.78363204791667,28.97066001388889,14.918449340277776
115,2017-04-09,17.903312333333332,29.303472541666665,14.529422970486113
116,2017-04-10,18.76584728159722,29.65850728125,14.799319789930555
117,2017-04-11,21.320493070833333,31.234201600694444,16.13772526041667
118,2017-04-12,27.355909987152778,32.46996564930556,18.045827600694444
119,2017-04-13,30.010590814236114,33.05711838194444,18.90770439236111
120,2017-04-14,35.93720225868056,33.17638918055556,20.306332847222222
121,2017-04-15,27.359382300694445,34.389062875,19.01058950347222
122,2017-04-16,36.88491745486111,34.15850729513889,21.44186378125
123,2017-04-17,46.23502222916667,34.44305597569444,24.001444979166664
124,2017-04-18,46.388181777777774,35.644444722222225,24.79034165972222
125,2017-04-19,29.89832697881944,36.76961825,21.270986027777777
126,2017-04-20,32.290875515625004,36.962500291666665,21.86706522916667
127,2017-04-21,48.14148022916666,35.59027809027778,25.853682958333334
128,2017-04-22,50.52164678472222,34.548958677083334,25.731115482638888
129,2017-04-23,43.57995921527778,34.7055558125,23.883761500000002
130,2017-04-24,44.66086926041666,34.033680815972225,23.881772336805554
131,2017-04-25,30.133118168402778,33.37986132291667,19.467573864583333
132,2017-04-26,35.88927792361111,32.788194680555556,20.616874836805557
133,2017-04-27,44.38470933680556,32.744618288194445,22.76792307638889
134,2017-04-28,40.94890383854167,33.03506962847222,22.057061590277776
135,2017-04-29,43.56320248611111,32.61354187152778,22.440077604166667
136,2017-04-30,46.06313330555556,32.35503495486111,22.8905429375
137,2017-05-01,44.602070875,33.00434055555556,22.97410214583333
138,2017-05-02,30.466611182291665,33.33194474305556,19.31765412152778
139,2017-05-03,46.06818878125,32.61909752430555,23.10856394097222
140,2017-05-04,47.23439704861111,33.13437529861111,23.53911827083333
141,2017-05-05,45.969432121527774,34.04045167708333,23.995517878472224
142,2017-05-06,46.55033457638889,34.874132215277776,24.56550378125
143,2017-05-07,40.89354978993055,36.185243361111105,23.725428322916667
144,2017-05-08,37.66491027083333,37.00173645486112,23.891900375
145,2017-05-09,46.05520269097222,36.356597534722226,25.689694975694444
146,2017-05-10,50.43609866319444,34.352951625,25.557646336805554
147,2017-05-11,48.572286496527774,35.547916944444445,25.921976378472223
148,2017-05-12,48.209883607638886,35.751389243055556,25.9983825
149,2017-05-13,48.04032070833333,36.497569597222224,26.16202563541667
150,2017-05-14,44.828883274305554,37.33506978125,25.88362965972222
151,2017-05-15,43.61401517361111,37.58784754166666,25.61812088541667
152,2017-05-16,44.709014805555555,36.82604197916666,25.868278260416666
153,2017-05-17,49.60050857291667,33.246354374999996,24.4560106875
154,2017-05-18,40.599639753472225,34.66631973958333,23.23155288888889
155,2017-05-19,46.941306618055556,33.806771187500004,24.100837881944443
156,2017-05-20,48.14962664930555,33.80989618402778,24.592584295138888
157,2017-05-21,52.25641138541667,32.49791701736111,24.269278447916665
158,2017-05-22,59.85440469791667,27.846354201388888,21.70947707638889
159,2017-05-23,54.02171722222222,32.494271017361115,24.48254395486111
160,2017-05-24,48.16391128965517,34.5003451,24.891918579310346
161,2017-05-25,40.459028538194445,36.12135439236111,24.136134583333334
162,2017-05-26,36.893084072916665,37.49270873611111,23.53493401388889
163,2017-05-27,46.10667379513889,34.81215301736111,24.908082180555553
164,2017-05-28,56.67679313888888,31.8515626875,24.6325711875
165,2017-05-29,60.38856423263889,29.861632166666666,23.61416439236111
166,2017-05-30,53.636376329861115,32.42204886111111,24.227967118055556
167,2017-05-31,62.25855771875,29.600694628472223,23.749661555555555
168,2017-06-01,56.25025092708333,32.0949655,24.49142115625
169,2017-06-02,42.85088263541667,34.64791707986112,23.443263350694444
170,2017-06-03,36.405965484375,37.0194445625,23.291212083333335
171,2017-06-04,25.595569555555556,39.02760442708333,21.62595940277778
172,2017-06-05,30.482409753472226,39.72083357291667,23.741754006944447
173,2017-06-06,38.500409798611116,38.39184061805556,25.077302652777778
174,2017-06-07,51.53869562847222,32.34062514236111,23.93325503125
175,2017-06-08,54.29473048611111,32.27656263541667,24.427954510416665
176,2017-06-09,53.89548722916666,33.121007194444445,24.986897774305554
177,2017-06-10,48.14066033333333,34.09756978819444,24.48590872222222
178,2017-06-11,44.62996598958333,33.05677115277778,22.900688368055555
179,2017-06-12,41.285396489583334,34.74444484375,23.288722131944446
180,2017-06-13,38.611861437499996,35.81128498611111,23.409221291666668
181,2017-06-14,37.051326208333336,35.294791993055554,22.812746708333336
182,2017-06-15,37.97932614583333,35.315451520833335,23.14657454861111
183,2017-06-16,60.98032812847222,29.88767384375,23.65692732291667
184,2017-06-17,63.424666608996546,29.535294294117648,23.89385715916955
185,2017-06-18,62.96265502083333,31.425521263888886,25.360426309027776
186,2017-06-19,65.09100198263889,31.40173628472222,25.694251326388887
187,2017-06-20,68.15103082638888,28.48090294097222,23.690633850694446
188,2017-06-21,69.96525946527778,28.826562760416664,24.33249364236111
189,2017-06-22,66.18859956597221,30.2934030625,24.944803444444446
190,2017-06-23,61.00190441666666,32.29062527083333,25.708928430555556
191,2017-06-24,59.80001522569444,33.62638925,26.619433256944447
192,2017-06-25,56.81036250347222,34.84461845833333,27.01938359375
193,2017-06-26,59.90275859027778,34.714583625,27.601363118055556
194,2017-06-27,60.02032785763889,34.95989619791666,27.81181015972222
195,2017-06-28,67.91164836458333,30.307291861111114,25.233911510416664
196,2017-06-29,72.61903820138889,28.460764062499997,24.41325928125
197,2017-06-30,75.22614887499999,28.288889076388887,24.666547930555556
198,2017-07-01,74.69278753472221,29.948437631944444,25.959216756944446
199,2017-07-02,76.17846147916666,28.282291923611112,24.79695361458333
200,2017-07-03,72.02168988194444,31.228472354166666,26.66063097916667
201,2017-07-04,68.03731502777777,32.44236130902778,27.04879185763889
202,2017-07-05,64.52333540625,32.74444482291667,26.741628336805558
203,2017-07-06,67.46995390625,31.037153093750003,25.808126465277777
204,2017-07-07,69.83610007986111,30.46614606944444,25.68111042013889
205,2017-07-08,65.81714808333334,32.759201725694446,26.942319222222224
206,2017-07-09,59.67369581944445,34.25711832638889,27.056405020833335
207,2017-07-10,57.534112218749996,34.24496567361111,26.711568114583333
208,2017-07-11,67.06748182638889,30.927778024305553,25.616933927083334
209,2017-07-12,67.79876533093525,29.980215899280573,24.984712683453235
210,2017-07-13,66.22921365051903,30.88460242214533,25.475458093425605
211,2017-07-14,65.88453742013888,31.55590304861111,25.984874680555556
212,2017-07-15,67.81768680756014,30.9333334604811,25.781264656357386
213,2017-07-16,68.82429441666666,31.55902802777778,26.44797836805556
214,2017-07-17,70.88995425605536,30.166782103806227,25.600072539792386
215,2017-07-18,67.9204743611111,32.05572929861111,26.62712473263889
216,2017-07-19,67.63637722916667,32.77309038194445,27.221000302083333
217,2017-07-20,72.35623833333334,29.937499961805557,25.603744052083336
218,2017-07-21,68.57940536111111,31.55850722916667,26.375670524305555
219,2017-07-22,70.01352346875,29.894618180555558,25.245073045138888
220,2017-07-23,72.69028731249999,29.15000027083333,25.07375700347222
221,2017-07-24,73.60909336363636,28.997158954545455,25.056004136363637
222,2017-07-25,73.79721111805556,28.89774315625,24.99362350347222
223,2017-07-26,71.71041044897959,29.615816535714288,25.277740530612242
224,2017-07-27,68.38812015625,31.259027968750004,26.10967967708333
225,2017-07-28,69.59593311805556,30.55312527777778,25.759144701388887
226,2017-07-29,70.29929410416668,29.667534791666665,25.112103447916667
227,2017-07-30,68.82079440625,30.098958583333335,25.250187961805555
228,2017-07-31,73.98089170138888,27.796180600694445,24.10538120486111
229,2017-08-01,75.21213501388888,27.3579861875,23.881624621527777
230,2017-08-02,73.21266231944443,28.06284723611111,24.193353416666667
231,2017-08-03,69.99616902083332,29.304514291666667,24.744710430555557
232,2017-08-04,68.52359990277778,29.760243225694442,24.880224829861113
233,2017-08-05,67.55573869791667,30.39947940972222,25.281138583333334
234,2017-08-06,67.86614128819444,30.929687868055552,25.729362149305555
235,2017-08-07,74.99495453472223,28.446875375000005,24.74418225
236,2017-08-08,74.01630858333334,29.241666815972224,25.256657739583332
237,2017-08-09,76.54078743055555,28.123784881944445,24.762502427083334
238,2017-08-10,73.27221103472222,29.28993075347222,25.254465125
239,2017-08-11,68.2697805798611,30.330034947916666,25.345459208333335
240,2017-08-12,66.61214163541666,30.0590280625,24.85098092013889
241,2017-08-13,67.69512751388888,29.912673930555556,24.897368416666666
242,2017-08-14,64.51736973263888,30.804687767361113,25.122610645833333
243,2017-08-15,64.45455404115226,30.890946827160494,25.19532097530864
244,2017-08-16,62.636342069444446,31.556771055555558,25.425397274305553
245,2017-08-17,61.404015628472216,32.347569625,25.8839968125
246,2017-08-18,60.89334188541667,32.51111123263889,25.919291649305556
247,2017-08-19,71.58980835416666,28.001736270833334,23.907771934027778
248,2017-08-20,68.66216930208333,29.757812767361113,24.879401725694446
249,2017-08-21,67.93825955555556,30.373611381944443,25.328424739583333
250,2017-08-22,68.75791220138889,30.351389027777778,25.44955051736111
251,2017-08-23,72.52262018055555,28.31059051388889,24.299165225694445
252,2017-08-24,71.70838481944445,28.54270846875,24.304719975694447
253,2017-08-25,73.29294325791855,28.102715117647058,24.229912126696835
254,2017-08-26,74.81307275694445,27.128298836805556,23.55397875
255,2017-08-27,70.57195355208333,28.861632090277777,24.341943885416665
256,2017-08-28,69.4847042361111,28.012673854166664,23.579858677083333
257,2017-08-29,68.84113515625,28.771701628472222,24.09753996527778
258,2017-08-30,70.6394263576389,28.791493229166665,24.412635201388888
259,2017-08-31,77.02969785763888,26.23645854861111,23.134866204861112
260,2017-09-01,75.68747484722222,26.474132104166667,23.150663680555553
261,2017-09-02,73.25833559027778,26.62291688888889,22.89944890972222
262,2017-09-03,71.22832910416668,28.26822934375,23.986164972222223
263,2017-09-04,70.26361393055555,29.336111125000002,24.777842538194445
264,2017-09-05,68.21398851041666,28.96041674652778,24.116485461805556
265,2017-09-06,66.88912758680556,29.251736284722224,24.171959006944444
266,2017-09-07,72.36769702083333,27.11232665625,23.119923656250002
267,2017-09-08,69.16607214930555,29.10416678125,24.392025538194446
268,2017-09-09,68.47500205208333,29.467187694444444,24.59116518402778
269,2017-09-10,64.89411995833333,30.543229385416666,24.84230646875
270,2017-09-11,65.7479046423611,30.15902798611111,24.768726375
271,2017-09-12,65.42185581597222,29.682465482638886,24.27876592361111
272,2017-09-13,65.74685610416667,30.16545180902778,24.750934100694444
273,2017-09-14,69.22949567013887,29.661458562500002,24.932003996527776
274,2017-09-15,61.10003645138889,30.438889225694442,24.056206815972224
275,2017-09-16,67.90023883680556,28.0315974375,23.336945868055555
276,2017-09-17,65.61296778125,28.66475720833333,23.441195711805555
277,2017-09-18,63.368790660899656,29.25363339446367,23.53721130449827
278,2017-09-19,63.47468033217992,29.561245837370244,23.854479567474048
279,2017-09-20,60.92977250347222,29.509028,23.21842000347222
280,2017-09-21,67.47218311458333,28.458159944444446,23.540349871527777
281,2017-09-22,73.17232920138889,25.040277833333334,21.22889354861111
282,2017-09-23,77.6106205625,23.709027847222224,20.560744069444446
283,2017-09-24,73.42994738408305,25.12012126297578,21.404352356401386
284,2017-09-25,70.64667607638889,27.493923944444443,23.084635965277776
285,2017-09-26,68.12152996527777,28.415451645833333,23.564740812500002
286,2017-09-27,66.28516843402777,28.48975720833333,23.250015163194448
287,2017-09-28,64.683807375,28.575000145833332,23.038970694444444
288,2017-09-29,66.01984951736111,28.35277784722222,23.177575711805556
289,2017-09-30,62.21274474652777,27.98715292013889,22.046724416666667
290,2017-10-01,62.01065474999999,27.704166746527775,21.87579453125
291,2017-10-02,59.54977984027778,27.882812569444447,21.569769086805554
292,2017-10-03,62.02003663541666,27.52447910763889,21.74494982638889
293,2017-10-04,63.274016350694446,27.782291784722222,22.136234090277778
294,2017-10-05,60.51168256597222,28.08350707986111,21.850127430555556
295,2017-10-06,56.59741790277778,27.924826354166665,20.92401007638889
296,2017-10-07,61.099390416666665,26.866145885416667,20.961824822916668
297,2017-10-08,63.32700186458333,26.836805572916667,21.314462256944445
298,2017-10-09,63.935300999999995,26.936111097222224,21.52601787847222
299,2017-10-10,62.03490554482758,26.742413831034483,21.001925610344827
300,2017-10-11,62.34939091666667,26.746354184027776,21.005007989583333
301,2017-10-12,62.12133489583333,26.49374999652778,20.71080288541667
302,2017-10-13,63.32090895155709,26.213892875432524,20.812765695501728
303,2017-10-14,62.92000897222223,26.19201403125,20.68593023958333
304,2017-10-15,62.94212734027778,25.70520865625,20.287906982638887
305,2017-10-16,61.34873131597222,25.41319462152778,19.772574270833335
306,2017-10-17,60.89816184375,25.07395853125,19.35069864236111
307,2017-10-18,61.80091562283737,24.848962307958477,19.35174695847751
308,2017-10-19,63.38664102083333,25.50017389236111,20.16205057638889
309,2017-10-20,61.78857138888889,25.01944470138889,19.37118019791667
310,2017-10-21,61.552286645833334,24.22309058333333,18.701313645833334
311,2017-10-22,61.95831450694444,24.417014055555555,18.900408720486112
312,2017-10-23,61.829453638888886,23.97395852777778,18.51958742361111
313,2017-10-24,60.00933996206896,22.839482934482756,17.24859610172414
314,2017-10-25,60.800995319444446,22.343229430555553,16.939602197916667
315,2017-10-26,62.19946041319444,21.032118177083333,15.97484126736111
316,2017-10-27,65.7839460486111,20.99131959375,16.50628712673611
317,2017-10-28,64.58700225694444,21.34236123263889,16.610343019097222
318,2017-10-29,66.70318953472221,21.55815984375,17.18750862673611
319,2017-10-30,68.55687129513889,21.288020993055554,17.191533380208334
320,2017-10-31,68.8255159513889,20.611805708333335,16.615547663194445
321,2017-11-01,66.08298837152778,21.50920151388889,16.992149496527777
322,2017-11-02,69.01867397577854,21.598270166089964,17.57066146712803
323,2017-11-03,69.29393977430556,21.304166850694443,17.323144039930554
324,2017-11-04,70.26236365972221,21.14809046875,17.34369001388889
325,2017-11-05,65.85362036111111,21.357639083333332,16.866235036458335
326,2017-11-06,66.89819695833333,20.747743208333333,16.47240888888889
327,2017-11-07,65.35904334374999,20.09427102777778,15.603105956597224
328,2017-11-08,68.71145382638889,18.47152792361111,14.598015546874999
329,2017-11-09,65.0458420625,18.484028038194445,14.029004722222222
330,2017-11-10,64.29855038194444,17.20052101388889,12.924937491666666
331,2017-11-11,68.6105787638889,12.281250125,9.240021996527778
332,2017-11-12,69.99574527083332,11.5333333125,8.744909444444444
333,2017-11-13,69.35973223958334,11.15798620486111,8.291574647222223
334,2017-11-14,67.78666187847222,11.652083371527777,8.598924184027778
335,2017-11-15,66.45652310763889,11.284375104166665,8.115839813194444
336,2017-11-16,67.49680074652777,14.351562552083331,10.854045854166666
337,2017-11-17,65.77051775945017,19.781615340206184,15.403560510309278
338,2017-11-18,66.98699555208333,20.049305743055555,15.855171916666668
339,2017-11-19,58.0694319375,19.639062791666667,14.369878737847223
340,2017-11-20,58.096064072664355,17.617474176470587,12.6887825
341,2017-11-21,58.24220314236111,16.913368124999998,12.129287274305556
342,2017-11-22,56.368557163194446,17.379340458333335,12.282030772569446
343,2017-11-23,55.69786289583333,17.102777916666668,11.97890867361111
344,2017-11-24,56.422731086805555,17.432118194444442,12.336289652777777
345,2017-11-25,58.64398102777778,17.51128482986111,12.653103157986111
346,2017-11-26,60.674294079861106,17.309895993055555,12.637958072916668
347,2017-11-27,59.13287717708334,17.719965434027777,12.895782258680555
348,2017-11-28,58.68592559375,18.18177103472222,13.171609697916667
349,2017-11-29,61.550231312499996,18.108507055555556,13.46406571875
350,2017-11-30,62.85918277777777,17.68958353472222,13.267772473958333
351,2017-12-01,61.65549482638889,17.06736127083333,12.62850726736111
352,2017-12-02,62.88012685416667,15.754861208333333,11.590988504166667
353,2017-12-03,62.748049944444446,15.423611166666667,11.243085130208334
354,2017-12-04,66.09677320486111,15.88472236111111,12.140041163194445
355,2017-12-05,65.64113437152778,17.65642378472222,13.568241284722223
356,2017-12-06,55.61977961111111,18.433159906249998,13.075166876736112
357,2017-12-07,49.85398065277778,18.61875025347222,12.482795725694444
358,2017-12-08,52.436446000000004,17.118923770833334,11.58796260763889
359,2017-12-09,58.38349482986111,16.645486260416664,11.902880215277778
360,2017-12-10,62.267155090277775,16.208333517361112,11.885553140972222
361,2017-12-11,65.33384283680556,16.219965472222224,12.266407045833333
362,2017-12-12,71.75799577302631,17.17680931907895,13.812154680921052
363,2017-12-13,69.82620378819445,16.436632086805556,12.956258513888889
364,2017-12-14,68.90062013194444,14.912673690972222,11.590636453125
365,2017-12-15,70.09989034482759,12.312413931034483,9.506057955172414
